prot_id	off_target	hc_k_2	hc_k_3	hc_k_4	hc_k_5	hc_k_6	hc_k_7	hc_k_8	hc_k_9	hc_k_10	hc_k_11	hc_k_12	hc_k_13	hc_k_14	hc_k_15	hc_k_16	hc_k_17	hc_k_18	hc_k_19	hc_k_20	hc_k_21	hc_k_22	hc_k_23	hc_k_24	hc_k_25	hc_k_26	hc_k_27	hc_k_28	hc_k_29	hc_k_30	hc_k_31	hc_k_32	hc_k_33	hc_k_34	hc_k_35	hc_k_36	hc_k_37	hc_k_38	hc_k_39	hc_k_40	km_k_2	km_k_3	km_k_4	km_k_5	km_k_6	km_k_7	km_k_8	km_k_9	km_k_10	km_k_11	km_k_12	km_k_13	km_k_14	km_k_15	km_k_16	km_k_17	km_k_18	km_k_19	km_k_20	km_k_21	km_k_22	km_k_23	km_k_24	km_k_25	km_k_26	km_k_27	km_k_28	km_k_29	km_k_30	km_k_31	km_k_32	km_k_33	km_k_34	km_k_35	km_k_36	km_k_37	km_k_38	km_k_39	km_k_40	lc_light	lc_comp
ACTB		1	1	1	1	1	1	1	1	1	1	1	1	1	1	1	1	1	1	1	1	1	1	1	1	1	1	1	1	1	1	1	1	1	1	1	1	1	1	1	1	3	4	4	1	5	8	3	2	4	7	6	11	15	9	13	6	13	1	12	8	15	4	12	26	13	16	2	20	14	31	19	14	25	33	34	35	36	11	5	7
ACTN4		2	2	2	2	2	2	2	2	2	2	2	2	2	2	2	2	2	2	2	2	2	2	2	2	2	2	2	2	2	2	2	2	2	2	2	2	2	2	2	2	1	2	1	4	1	7	8	6	1	6	1	14	6	4	9	3	12	12	5	1	7	21	23	19	23	6	12	1	25	3	14	7	30	22	27	14	27	28	5	7
ARF1		1	3	3	3	3	3	3	3	3	3	3	3	3	3	3	3	3	3	3	3	3	3	3	3	3	3	3	3	3	3	3	3	3	3	3	3	3	3	3	1	2	3	5	5	2	6	7	8	8	1	11	9	3	14	6	5	18	2	18	7	11	15	6	5	15	25	29	19	9	21	6	16	1	35	32	4	31	39	2	2
ATG3		2	2	2	2	2	2	2	2	2	2	2	2	2	2	2	2	2	2	2	2	2	2	2	2	2	4	4	4	4	4	4	4	4	4	4	4	4	4	4	2	1	2	1	4	1	5	5	7	1	9	9	14	6	4	9	3	7	11	7	1	10	1	23	14	2	4	15	3	31	15	18	30	18	27	12	19	18	2	1	1
ATP1B3		2	2	2	2	2	2	2	2	2	4	4	4	4	4	4	4	4	4	4	4	4	4	4	4	4	5	5	5	5	5	5	5	5	5	5	5	5	5	5	2	1	2	1	4	7	5	1	4	1	3	9	2	13	11	1	11	6	10	6	13	3	17	25	18	3	23	21	8	26	18	32	19	29	3	28	32	7	32	7	8
CANX		1	3	3	3	3	3	3	3	4	5	5	5	5	5	5	5	5	5	5	5	5	5	5	5	5	6	6	6	6	6	6	6	6	6	6	6	6	6	6	1	2	3	5	5	2	6	2	8	3	4	12	9	7	2	8	5	17	17	2	17	20	22	9	24	12	25	16	21	22	20	1	34	6	34	19	36	23	4	2	2
CCR-NOT		2	2	2	2	2	2	2	2	2	4	4	4	6	6	6	6	6	6	6	6	6	6	6	6	6	7	7	7	7	7	7	7	7	7	7	7	7	7	7	2	1	2	1	4	1	7	8	6	5	6	1	6	14	1	14	15	2	18	9	19	21	20	19	12	8	7	17	28	6	14	13	6	12	6	24	23	8	5	7	9
CDH2	Yes	2	2	4	4	4	4	4	4	5	6	6	6	7	7	7	7	7	7	7	7	7	7	7	7	7	8	8	8	8	8	8	8	8	8	8	8	8	8	8	2	1	1	2	6	6	1	6	10	6	12	13	8	1	3	17	1	14	7	14	18	13	10	21	8	4	22	25	26	11	19	30	15	7	4	4	9	6	3	6	10
CERK		2	2	2	2	2	2	2	2	2	4	4	4	6	6	6	6	6	6	6	6	6	6	6	6	6	7	7	7	7	7	7	7	7	7	7	7	7	7	7	2	1	2	1	4	7	5	1	4	11	3	5	5	11	5	15	14	3	9	1	6	14	24	14	12	9	10	10	15	23	27	31	13	34	36	17	30	34	1	6	10
CLTA		2	2	2	2	5	5	5	5	6	7	7	7	8	8	8	8	8	8	8	8	8	8	8	8	8	9	9	9	9	9	9	9	9	9	9	9	9	9	9	2	1	2	3	3	4	2	5	7	7	9	8	7	5	12	7	9	4	6	8	4	23	16	24	17	20	12	3	30	3	1	3	3	3	18	14	24	33	16	1	1
COIL		1	3	3	5	6	6	6	6	7	8	8	8	9	9	9	9	9	9	9	9	9	9	9	9	9	10	10	10	10	10	10	10	10	10	10	10	10	10	10	2	2	3	5	2	3	4	9	5	9	8	7	3	9	7	4	8	1	14	19	20	1	9	1	11	18	8	1	11	5	29	7	24	31	26	8	11	22	37	4	6
CTDNEP1		1	3	3	5	6	6	7	7	8	9	9	9	10	10	10	10	10	10	10	10	10	10	10	10	10	11	11	11	11	11	11	11	11	11	11	11	11	11	11	1	2	3	5	2	3	4	9	3	2	5	10	4	2	16	3	2	15	8	4	10	17	19	11	9	14	28	24	23	15	2	4	10	20	21	35	37	3	35	6	10
DDX21		1	1	1	1	1	7	8	8	9	10	10	10	11	11	11	11	11	11	11	11	11	11	11	11	11	12	12	12	12	12	12	12	12	12	12	12	12	12	12	1	3	4	4	1	5	3	3	2	4	7	6	11	10	9	13	6	13	4	13	11	22	14	2	26	7	16	27	29	14	6	8	2	28	10	31	2	11	27	1	1
DDX6		2	2	2	2	5	5	5	5	6	7	7	7	8	8	8	8	8	8	8	8	8	8	12	12	12	13	13	13	13	13	13	13	13	13	13	13	13	13	13	2	1	2	3	3	7	2	5	7	7	9	8	7	5	12	7	9	4	6	8	4	23	16	24	17	20	20	3	4	3	4	12	3	16	29	26	24	35	19	1	1
DERL1		2	2	4	4	4	4	4	4	5	6	11	11	12	12	12	12	12	12	12	12	12	12	13	13	13	14	14	14	14	14	14	14	14	14	14	14	14	14	14	2	1	1	2	6	1	7	8	6	5	6	1	1	8	8	2	4	5	13	15	15	6	2	20	15	10	18	6	7	2	30	23	26	14	16	30	7	25	13	2	2
DSG2		2	2	4	4	4	4	4	4	5	6	6	6	7	7	7	7	7	7	7	13	13	13	14	14	14	15	15	15	15	15	15	15	15	15	15	15	15	15	15	2	1	1	2	6	6	1	6	10	6	12	13	8	1	3	17	1	14	7	14	5	13	10	7	10	24	15	9	6	11	16	28	8	8	15	13	34	37	3	7	9
EDC4		2	2	2	2	2	2	2	2	2	2	2	2	2	2	13	13	13	13	13	14	14	14	15	15	15	16	16	16	16	16	16	16	16	16	16	16	16	16	16	2	1	2	1	4	7	5	5	7	1	9	9	2	13	11	1	10	6	10	17	13	19	11	25	18	3	23	11	22	20	5	21	23	33	24	25	21	19	26	1	1
EGFR		2	2	4	4	4	4	4	4	5	6	11	11	12	12	12	12	12	12	12	12	12	12	13	13	13	14	14	14	14	14	14	14	14	14	14	17	17	17	17	2	1	1	2	6	6	1	6	10	5	12	13	1	8	8	11	4	5	13	15	15	5	5	3	20	17	9	18	25	16	17	27	29	4	1	15	31	24	33	7	9
EMD	Yes	2	2	2	2	2	2	2	2	2	4	4	4	4	4	4	4	14	14	14	15	15	15	16	16	16	17	17	17	17	17	17	17	17	17	17	18	18	18	18	2	1	2	1	4	7	5	1	4	11	3	5	5	11	5	10	11	19	5	6	9	16	17	16	2	16	24	13	16	21	7	32	25	17	3	36	32	26	20	3	5
EPHX2		1	3	3	5	6	6	7	7	8	9	9	9	10	10	10	10	10	10	10	10	10	10	10	10	10	11	11	11	11	11	18	18	18	18	18	19	19	19	19	1	2	3	5	2	3	4	9	3	2	5	10	4	2	16	5	13	11	8	11	14	17	19	17	9	1	17	24	24	8	26	16	5	22	19	35	26	1	38	1	1
ERBIN		1	3	3	5	6	6	6	6	7	8	8	8	9	9	9	9	9	9	9	9	9	9	9	9	9	10	10	10	10	10	10	10	10	10	10	10	10	10	10	2	2	3	5	2	3	4	9	5	9	8	7	3	9	7	4	8	1	14	19	21	8	9	10	3	22	27	1	11	4	22	15	22	5	8	3	5	4	30	7	8
ERV3-1		1	3	3	5	6	6	7	7	8	9	9	9	10	10	10	10	10	10	10	10	10	10	10	10	10	11	11	11	11	11	11	11	11	11	11	11	11	11	11	1	2	3	5	2	3	4	9	3	2	5	10	4	2	16	3	2	15	8	4	10	17	19	13	9	14	28	24	23	15	2	4	10	20	20	35	15	3	35	6	10
EZR		2	2	2	2	2	2	2	2	2	2	2	2	2	2	13	13	13	13	13	14	14	14	15	15	15	16	16	16	16	16	16	16	16	19	19	20	20	20	20	2	1	2	1	4	7	5	5	7	1	9	9	2	13	11	1	10	6	10	17	13	19	11	25	18	3	23	11	22	20	13	21	23	33	24	33	21	19	18	7	8
GOLGA2		1	3	3	5	6	6	6	6	7	8	8	8	9	13	14	14	15	15	15	16	16	16	17	17	17	18	18	18	18	18	19	19	19	20	20	21	21	21	21	2	2	3	5	2	3	4	9	5	9	8	7	3	9	7	4	12	1	14	19	2	4	8	4	4	5	14	22	2	30	11	5	18	15	17	18	10	5	21	2	2
GOLGA5	Yes	2	2	2	2	5	5	5	5	6	7	7	12	13	14	15	15	16	16	16	17	17	17	18	18	18	19	19	19	19	19	20	20	20	21	21	22	22	22	22	2	2	3	3	3	4	2	4	1	10	10	4	12	12	13	16	18	9	15	16	16	18	23	15	25	21	2	8	5	24	23	24	1	35	14	21	33	32	23	2	2
HNRNPA1		1	1	1	1	1	1	1	9	10	11	12	13	14	15	16	16	17	17	17	18	18	18	19	19	19	20	20	20	20	20	21	21	21	22	22	23	23	23	23	1	3	4	4	1	5	8	3	2	4	7	6	11	15	9	13	6	13	1	12	8	15	4	12	26	13	16	2	20	14	12	19	9	25	12	20	13	36	22	3	4
HP1BP3		1	3	3	5	6	6	7	7	8	9	9	9	10	10	10	10	10	10	18	19	19	19	20	20	20	21	21	21	21	21	22	22	22	23	23	24	24	24	24	1	2	3	5	5	2	6	7	8	8	2	11	9	4	14	6	17	18	2	20	22	12	3	18	5	27	25	20	9	29	9	22	4	32	23	16	18	14	8	4	6
IDH3B		1	3	3	5	6	6	6	6	7	8	8	8	9	9	9	9	9	9	9	9	9	9	9	9	9	10	10	10	10	10	10	10	10	10	10	10	10	10	10	2	2	3	5	2	3	4	9	5	9	8	7	3	9	7	4	8	1	14	19	20	1	9	1	11	18	8	1	11	5	29	7	20	31	28	8	16	22	37	2	3
IER3IP1	Yes	2	2	2	2	5	5	5	5	6	7	7	12	13	14	15	15	16	16	16	17	17	17	18	18	18	19	19	19	19	19	20	20	20	21	21	22	25	25	25	2	2	3	3	3	4	2	4	1	10	10	4	12	12	13	16	18	9	20	16	16	18	23	15	22	21	2	8	5	24	23	17	1	35	14	21	33	32	15	2	2
KRT19		2	2	2	2	5	5	5	5	6	7	7	7	8	8	8	8	8	8	8	8	8	8	12	12	12	13	13	13	13	13	13	13	13	13	13	13	13	13	13	2	1	2	3	3	7	2	5	7	7	9	8	7	5	12	7	9	4	6	8	4	23	16	24	17	20	13	3	4	3	4	12	3	11	2	22	24	35	19	5	7
LEMD2		2	2	2	2	2	2	2	2	2	2	2	2	2	2	13	13	13	13	13	14	14	14	15	15	15	16	16	16	16	16	16	16	16	16	16	16	16	16	26	2	1	2	1	4	7	5	5	7	1	9	9	2	13	11	1	10	6	10	17	13	3	11	25	18	3	23	21	8	26	18	21	28	29	24	28	21	7	32	3	5
LMNA	Yes	1	3	3	3	3	3	3	3	4	5	5	5	5	5	5	5	5	5	5	5	5	20	21	21	21	22	22	22	22	22	23	23	23	24	24	25	26	26	27	1	2	3	5	5	2	6	7	8	8	2	11	9	4	14	6	17	18	2	20	22	12	3	18	5	25	25	26	9	29	9	22	4	19	23	16	22	9	8	4	6
LMNB1		1	3	3	3	3	3	3	3	3	3	3	3	3	3	3	3	3	3	3	3	20	21	22	22	22	23	23	23	23	23	24	24	24	25	25	26	27	27	28	1	2	3	5	5	2	6	7	8	8	1	11	9	3	14	6	5	18	2	18	7	9	15	6	5	15	25	29	19	28	21	6	16	21	35	32	4	31	10	3	5
MAPRE3		2	2	2	2	2	2	2	2	2	4	4	4	4	4	4	4	14	14	14	15	15	15	16	16	16	17	17	17	17	17	17	25	25	26	26	27	28	28	29	2	1	2	1	4	7	5	1	4	11	3	5	5	11	5	15	7	3	9	10	6	14	6	5	2	9	21	19	27	18	24	11	12	10	30	37	8	29	24	5	7
NOP56		1	1	1	1	1	7	8	8	9	10	10	10	11	11	11	11	11	11	11	11	11	11	11	11	11	12	12	12	12	12	12	12	26	27	27	28	29	29	30	1	3	4	4	1	5	3	3	2	4	7	6	11	10	9	13	6	13	4	13	11	22	14	2	26	7	16	27	29	14	6	8	2	2	10	31	29	38	25	4	6
OCLN		2	2	4	4	4	4	4	4	5	6	6	6	7	7	7	7	7	7	7	13	13	13	14	14	14	15	15	15	24	24	25	26	27	28	28	29	30	30	31	2	1	1	2	6	6	7	8	6	5	6	1	1	8	8	11	4	5	13	15	15	5	5	3	6	17	9	5	17	16	17	27	29	4	1	11	31	13	33	7	9
OPTN		1	3	3	5	6	6	6	6	7	8	8	8	9	13	14	14	15	15	15	16	16	16	17	17	17	18	24	24	25	25	26	27	28	29	29	30	31	31	32	2	2	3	5	2	3	4	9	5	9	8	7	3	9	7	4	12	1	14	19	21	8	8	10	3	22	27	22	2	27	10	15	31	5	9	3	3	4	6	1	1
POGZ	Yes	1	3	3	5	6	6	7	7	8	9	9	9	10	10	10	17	18	18	19	20	21	22	23	23	23	24	25	25	26	26	27	28	29	30	30	31	32	32	33	1	2	3	5	2	3	4	9	3	2	5	10	4	2	16	5	13	11	8	3	12	17	19	22	9	19	17	24	12	13	32	20	5	13	11	35	38	15	7	3	4
POM121		2	2	2	2	2	2	2	2	2	4	4	4	6	6	6	6	6	6	6	6	6	6	6	6	24	25	26	26	27	27	28	29	30	31	31	32	33	33	34	2	1	2	1	4	1	7	8	6	1	6	1	6	14	1	14	15	2	18	9	19	21	18	19	19	8	26	28	28	6	14	2	6	12	13	10	1	12	5	3	4
PRDX1		1	3	3	3	3	3	3	3	4	5	5	5	5	5	5	5	5	5	5	5	5	5	5	5	5	6	6	6	6	28	29	30	31	32	32	33	34	34	35	1	2	3	5	5	2	6	2	8	3	4	12	9	7	2	8	5	17	17	2	17	20	22	9	24	12	25	16	21	17	20	1	27	6	34	6	17	23	9	2	3
RAB11A		2	2	2	2	5	5	5	5	6	7	7	12	13	14	15	15	16	16	16	17	17	17	18	24	25	26	27	27	28	29	30	31	32	33	33	34	35	35	36	2	2	3	3	3	4	2	4	1	10	11	2	10	12	6	12	18	8	16	16	16	18	13	8	16	11	19	14	18	10	28	33	21	24	31	9	25	21	14	6	10
RAD21		1	3	3	5	6	6	6	6	7	8	8	8	9	9	9	9	9	9	9	9	9	9	9	9	9	10	10	28	29	30	31	32	33	34	34	35	36	36	37	2	2	3	5	2	4	4	4	9	10	10	3	12	12	15	16	16	9	19	16	3	2	23	15	23	6	5	7	13	7	25	10	11	27	5	29	27	10	29	3	4
SERF1A		2	2	2	2	2	2	2	2	2	4	4	4	4	4	4	4	14	14	14	15	15	15	16	16	16	17	17	17	17	17	17	17	17	17	17	18	18	18	18	2	1	2	1	4	7	5	1	4	11	3	5	5	11	5	15	14	3	9	1	6	14	6	5	2	9	21	19	27	18	24	11	12	10	36	5	8	20	17	4	6
SLC16A1		2	2	2	2	2	2	2	2	2	2	2	2	2	2	13	13	13	13	13	14	14	14	15	15	15	16	16	16	16	16	16	16	16	19	19	20	20	20	20	2	1	2	1	4	1	5	5	7	1	9	9	14	6	4	9	3	16	11	21	1	10	1	23	14	2	4	23	3	31	15	18	32	18	27	12	19	30	40	7	8
TOMM20		1	3	3	5	6	6	6	6	7	8	8	8	9	13	14	14	15	19	20	21	22	23	24	25	26	27	28	29	30	31	32	33	34	35	35	36	37	37	38	2	2	2	3	3	4	2	4	1	10	10	4	12	12	10	16	18	9	3	16	16	18	23	15	7	26	2	8	10	1	23	26	1	23	32	7	20	39	31	2	3
TOMM70		1	3	3	5	6	6	6	6	7	8	8	8	9	9	9	9	9	9	9	9	9	9	9	9	9	10	10	28	29	30	31	32	33	34	34	35	36	36	37	2	2	3	5	2	4	4	4	9	10	10	3	12	12	15	16	16	9	19	16	3	2	23	15	21	6	11	7	13	12	25	25	11	9	5	29	12	2	34	2	3
TUBA1C		2	2	4	4	4	4	4	4	5	6	11	11	12	12	12	12	12	12	12	12	12	12	13	13	13	14	14	14	14	14	14	14	14	14	14	14	14	14	14	2	1	1	1	4	1	7	8	6	5	6	1	6	14	1	2	15	2	18	9	19	6	2	20	15	10	1	6	7	2	30	23	26	14	16	30	7	17	13	5	7
ULK1		2	2	2	2	5	5	5	5	6	7	7	7	8	8	8	8	8	8	8	8	8	8	8	8	8	9	9	9	9	9	9	9	9	9	9	9	9	38	39	2	1	2	3	3	7	2	5	7	7	9	8	13	5	12	7	9	10	6	8	4	23	12	24	13	20	3	3	14	19	8	29	17	26	7	23	28	28	12	1	1
WRAP53		2	2	2	2	2	2	2	2	2	4	4	4	4	4	4	4	4	4	4	4	4	4	4	4	4	5	5	5	5	5	5	5	5	5	36	37	38	39	40	2	1	2	1	4	7	5	1	4	11	3	5	5	11	5	10	7	19	5	10	9	16	7	16	2	16	24	13	16	21	7	9	33	17	30	2	6	16	36	4	6
ZYX		2	2	4	4	4	4	4	4	5	6	6	6	7	7	7	7	7	7	7	13	13	13	14	14	14	15	15	15	15	15	15	15	15	15	15	15	15	15	15	2	1	1	2	6	6	1	6	10	6	12	13	8	1	3	17	1	14	7	14	5	13	10	7	1	24	15	4	6	11	16	28	8	8	25	1	34	37	3	5	7